M = [19.57 0 0 0 0;
    0 19.57 0 0 0;
    0 0 19.57 0 0;
    0 0 0 19.57 0;
    0 0 0 0 19.57];

K = [77108 -36564 4549 1612 -211;
    -36564 58596 -35825 5481 1169;
    4549 -35825 58344 -36587 7463;
    1612 5481 -36587 52688 -22962;
    -211 1169 7463 -22962 14621];

C = [47.19 -13.67 -0.79 0.3 0.06;
    -13.67 37.46 -15.61 -1.04 0.46;
    -0.79 -15.61 36.22 -16.46 0.11;
    0.3 -1.04 -16.46 34.26 -14.28;
    0.06 0.46 0.11 -14.28 15.93];